[[0, 0, 0, 0, 0, 0, 0, 0, 1], [0, 0, 0, 0, 0, 0, 0, 0, 1], [0, 0, 0, 0, 0, 0, 0, 0, 1], [0, 0, 0, 0, 0, 0, 0, 0, 1], [0, 0, 0, 0, 0, 0, 0, 0, 1], [0, 0, 0, 0, 0, 0, 0, 0, 1], [0, 0, 0, 0, 0, 0, 0, 0, 1], [0, 0, 0, 0, 0, 0, 0, 0, 1], [1, 1, 1, 1, 1, 1, 1, 1, 0]] {dom: 2, geo: 8}
[[0, 0, 0, 0, 0, 1, 0, 0, 1], [0, 0, 0, 0, 0, 0, 1, 0, 1], [0, 0, 0, 0, 0, 0, 1, 0, 0], [0, 0, 0, 0, 0, 0, 0, 1, 1], [0, 0, 0, 0, 0, 0, 0, 1, 0], [1, 0, 0, 0, 0, 0, 0, 0, 0], [0, 1, 1, 0, 0, 0, 0, 0, 0], [0, 0, 0, 1, 1, 0, 0, 0, 0], [1, 1, 0, 1, 0, 0, 0, 0, 0]] {dom: 6, geo: 3}
[[0, 0, 0, 0, 0, 1, 0, 0, 1], [0, 0, 0, 0, 0, 0, 1, 0, 1], [0, 0, 0, 0, 0, 0, 1, 0, 0], [0, 0, 0, 0, 0, 0, 0, 1, 1], [0, 0, 0, 0, 0, 0, 0, 1, 0], [1, 0, 0, 0, 0, 0, 0, 0, 1], [0, 1, 1, 0, 0, 0, 0, 0, 0], [0, 0, 0, 1, 1, 0, 0, 0, 0], [1, 1, 0, 1, 0, 1, 0, 0, 0]] {dom: 5, geo: 0}
[[0, 0, 0, 0, 0, 1, 0, 0, 1], [0, 0, 0, 0, 0, 0, 1, 1, 0], [0, 0, 0, 0, 0, 0, 1, 0, 0], [0, 0, 0, 0, 0, 0, 0, 1, 1], [0, 0, 0, 0, 0, 0, 0, 1, 0], [1, 0, 0, 0, 0, 0, 0, 0, 1], [0, 1, 1, 0, 0, 0, 0, 0, 0], [0, 1, 0, 1, 1, 0, 0, 0, 0], [1, 0, 0, 1, 0, 1, 0, 0, 0]] {dom: 5, geo: 0}
[[0, 0, 0, 0, 0, 1, 1, 0, 0], [0, 0, 0, 0, 0, 1, 0, 0, 1], [0, 0, 0, 0, 0, 0, 1, 0, 1], [0, 0, 0, 0, 0, 0, 0, 1, 1], [0, 0, 0, 0, 0, 0, 0, 1, 0], [1, 1, 0, 0, 0, 0, 0, 0, 0], [1, 0, 1, 0, 0, 0, 0, 0, 0], [0, 0, 0, 1, 1, 0, 0, 0, 0], [0, 1, 1, 1, 0, 0, 0, 0, 0]] {dom: 5, geo: 2}
[[0, 0, 0, 0, 1, 0, 0, 1, 0], [0, 0, 0, 0, 0, 1, 0, 1, 0], [0, 0, 0, 0, 0, 0, 1, 0, 1], [0, 0, 0, 0, 0, 0, 0, 1, 1], [1, 0, 0, 0, 0, 0, 0, 0, 0], [0, 1, 0, 0, 0, 0, 0, 0, 0], [0, 0, 1, 0, 0, 0, 0, 0, 1], [1, 1, 0, 1, 0, 0, 0, 0, 0], [0, 0, 1, 1, 0, 0, 1, 0, 0]] {dom: 5, geo: 0}
[[0, 0, 0, 0, 1, 0, 1, 0, 0], [0, 0, 0, 0, 0, 1, 0, 0, 1], [0, 0, 0, 0, 0, 0, 1, 1, 0], [0, 0, 0, 0, 0, 0, 0, 1, 1], [1, 0, 0, 0, 0, 0, 0, 0, 0], [0, 1, 0, 0, 0, 0, 0, 0, 0], [1, 0, 1, 0, 0, 0, 0, 0, 0], [0, 0, 1, 1, 0, 0, 0, 0, 0], [0, 1, 0, 1, 0, 0, 0, 0, 0]] {dom: 5, geo: 2}
[[0, 0, 0, 0, 1, 0, 1, 0, 0], [0, 0, 0, 0, 0, 1, 0, 0, 1], [0, 0, 0, 0, 0, 0, 1, 1, 1], [0, 0, 0, 0, 0, 0, 0, 1, 0], [1, 0, 0, 0, 0, 0, 0, 0, 0], [0, 1, 0, 0, 0, 0, 0, 0, 1], [1, 0, 1, 0, 0, 0, 0, 0, 0], [0, 0, 1, 1, 0, 0, 0, 0, 0], [0, 1, 1, 0, 0, 1, 0, 0, 0]] {dom: 5, geo: 0}
[[0, 0, 0, 0, 1, 0, 1, 0, 0], [0, 0, 0, 0, 0, 1, 0, 0, 1], [0, 0, 0, 0, 0, 0, 1, 1, 1], [0, 0, 0, 0, 0, 0, 0, 1, 0], [1, 0, 0, 0, 0, 0, 0, 0, 0], [0, 1, 0, 0, 0, 0, 0, 0, 0], [1, 0, 1, 0, 0, 0, 0, 0, 1], [0, 0, 1, 1, 0, 0, 0, 0, 0], [0, 1, 1, 0, 0, 0, 1, 0, 0]] {dom: 6, geo: 3}
[[0, 0, 0, 0, 1, 0, 1, 0, 0], [0, 0, 0, 0, 0, 1, 0, 0, 1], [0, 0, 0, 0, 0, 0, 1, 1, 1], [0, 0, 0, 0, 0, 0, 0, 1, 0], [1, 0, 0, 0, 0, 0, 0, 0, 0], [0, 1, 0, 0, 0, 0, 0, 0, 1], [1, 0, 1, 0, 0, 0, 0, 0, 1], [0, 0, 1, 1, 0, 0, 0, 0, 0], [0, 1, 1, 0, 0, 1, 1, 0, 0]] {dom: 5, geo: 0}
[[0, 0, 0, 0, 1, 1, 0, 0, 0], [0, 0, 0, 0, 0, 1, 1, 0, 1], [0, 0, 0, 0, 0, 0, 1, 1, 0], [0, 0, 0, 0, 0, 0, 0, 1, 1], [1, 0, 0, 0, 0, 0, 0, 0, 0], [1, 1, 0, 0, 0, 0, 0, 0, 0], [0, 1, 1, 0, 0, 0, 0, 0, 1], [0, 0, 1, 1, 0, 0, 0, 0, 0], [0, 1, 0, 1, 0, 0, 1, 0, 0]] {dom: 5, geo: 2}
[[0, 0, 0, 0, 1, 1, 0, 0, 1], [0, 0, 0, 0, 0, 1, 1, 0, 1], [0, 0, 0, 0, 0, 0, 0, 1, 1], [0, 0, 0, 0, 0, 0, 0, 1, 0], [1, 0, 0, 0, 0, 0, 1, 0, 0], [1, 1, 0, 0, 0, 0, 0, 0, 0], [0, 1, 0, 0, 1, 0, 0, 0, 0], [0, 0, 1, 1, 0, 0, 0, 0, 0], [1, 1, 1, 0, 0, 0, 0, 0, 0]] {dom: 5, geo: 0}
[[0, 0, 0, 0, 1, 1, 0, 0, 1], [0, 0, 0, 0, 0, 1, 1, 0, 1], [0, 0, 0, 0, 0, 0, 0, 1, 1], [0, 0, 0, 0, 0, 0, 0, 1, 0], [1, 0, 0, 0, 0, 0, 1, 0, 0], [1, 1, 0, 0, 0, 0, 0, 0, 1], [0, 1, 0, 0, 1, 0, 0, 0, 0], [0, 0, 1, 1, 0, 0, 0, 0, 0], [1, 1, 1, 0, 0, 1, 0, 0, 0]] {dom: 5, geo: 0}
[[0, 0, 0, 0, 1, 1, 0, 0, 1], [0, 0, 0, 0, 0, 0, 1, 1, 1], [0, 0, 0, 0, 0, 0, 1, 0, 0], [0, 0, 0, 0, 0, 0, 0, 1, 0], [1, 0, 0, 0, 0, 1, 0, 0, 0], [1, 0, 0, 0, 1, 0, 0, 0, 0], [0, 1, 1, 0, 0, 0, 0, 0, 1], [0, 1, 0, 1, 0, 0, 0, 0, 0], [1, 1, 0, 0, 0, 0, 1, 0, 0]] {dom: 5, geo: 0}
